Plate	Position (x)	Position (y)	Absorption (dimensionless) at 418 nm	Absorption (dimensionless) at 480 nm	Absorption difference	Calculated glucose in mg/l	Dilution factor	Glucose concentration in mg/l (undiluted)
IS1r2pmp	1	A	1.1170	0.1058	1.0112	36.1342200886	100	3613
IS1r2pmp	2	A	0.0901	0.0443	0.0458	0.8474044945	100	85
IS1r2pmp	3	A	0.0530	0.0423	0.0107	-0.435482428	100	0
IS1r2pmp	4	A	1.4563	0.1271	1.3291	47.7575893051	100	4776
IS1r2pmp	5	A	0.2184	0.0511	0.1673	5.2881770278	100	529
IS1r2pmp	6	A	2.2824	0.1763	2.1061	76.1575517493	100	7616
IS1r2pmp	7	A	0.0556	0.0412	0.0144	-0.3006247836	100	0
IS1r2pmp	8	A	1.3541	0.1203	1.2338	44.2725571163	100	4427
IS1r2pmp	9	A	0.1972	0.0503	0.1469	4.5427836109	100	454
IS1r2pmp	10	A	0.5162	0.0774	0.4388	15.2111815251	100	1521
IS1r2pmp	11	A	0.0583	0.0421	0.0162	-0.2359219732	100	0
IS1r2pmp	12	A	2.3604	0.1848	2.1756	78.6978948454	100	7870
IS1r2pmp	1	B	0.1424	0.0481	0.0943	2.6195972235	100	262
IS1r2pmp	2	B	0.0772	0.0439	0.0333	0.3896297206	100	39
IS1r2pmp	3	B	0.0532	0.0444	0.0088	-0.5058883924	100	0
IS1r2pmp	4	B	1.7303	0.1430	1.5873	57.1941991961	100	5719
IS1r2pmp	5	B	2.8165	0.2160	2.6004	94.2289060006	100	9423
IS1r2pmp	6	B	2.9202	0.2256	2.6946	97.6726237606	100	9767
IS1r2pmp	7	B	0.0538	0.0411	0.0127	-0.3634845494	100	0
IS1r2pmp	8	B	1.2645	0.1153	1.1491	41.1776689459	100	4118
IS1r2pmp	9	B	0.0460	0.0416	0.0044	-0.6664495579	100	0
IS1r2pmp	10	B	0.5940	0.0808	0.5132	17.9307461262	100	1793
IS1r2pmp	11	B	0.1212	0.0504	0.0708	1.7589102111	100	176
IS1r2pmp	12	B	0.0524	0.0418	0.0107	-0.4373177683	100	0
IS1r2pmp	1	C	1.7789	0.1451	1.6338	58.8951395576	100	5890
IS1r2pmp	2	C	2.4783	0.1871	2.2912	82.9234582545	100	8292
IS1r2pmp	3	C	0.0470	0.0410	0.0060	-0.608310841	100	0
IS1r2pmp	4	C	0.0519	0.0416	0.0103	-0.4513640108	100	0
IS1r2pmp	5	C	3.0141	0.2230	2.7912	101.2006426629	100	10120
IS1r2pmp	6	C	2.7281	0.2017	2.5264	91.5226946762	100	9152
IS1r2pmp	7	C	2.4752	0.1850	2.2901	82.8859565617	100	8289
IS1r2pmp	8	C	2.8143	0.2084	2.6059	94.4274855324	100	9443
IS1r2pmp	9	C	0.0528	0.0418	0.0109	-0.4275605634	100	0
IS1r2pmp	10	C	0.3947	0.0657	0.3290	11.199357994	100	1120
IS1r2pmp	11	C	0.4974	0.0730	0.4244	14.6845018184	100	1468
IS1r2pmp	12	C	0.0457	0.0411	0.0045	-0.6623839706	100	0
IS1r2pmp	1	D	1.2158	0.1149	1.1010	39.4172321532	100	3942
IS1r2pmp	2	D	1.4906	0.1279	1.3627	48.9833398533	100	4898
IS1r2pmp	3	D	0.0533	0.0419	0.0115	-0.4085775429	100	0
IS1r2pmp	4	D	0.0525	0.0432	0.0093	-0.4880430805	100	0
IS1r2pmp	5	D	0.8914	0.0936	0.7978	28.3347041063	100	2833
IS1r2pmp	6	D	0.0520	0.0442	0.0079	-0.5404304561	100	0
IS1r2pmp	7	D	2.5597	0.1931	2.3666	85.6828557388	100	8568
IS1r2pmp	8	D	0.0534	0.0434	0.0100	-0.4600404355	100	0
IS1r2pmp	9	D	0.0542	0.0434	0.0108	-0.4330084582	100	0
IS1r2pmp	10	D	0.4665	0.0736	0.3929	13.5338981068	100	1353
IS1r2pmp	11	D	1.2149	0.1173	1.0977	39.2976227326	100	3930
IS1r2pmp	12	D	0.0603	0.0436	0.0167	-0.2184401835	100	0
IS1r2pmp	1	E	0.9303	0.0956	0.8347	29.6825088091	100	2968
IS1r2pmp	2	E	1.3193	0.1192	1.2001	43.0411575716	100	4304
IS1r2pmp	3	E	0.3440	0.0599	0.2840	9.5552483942	100	956
IS1r2pmp	4	E	0.0564	0.0433	0.0131	-0.3500572566	100	0
IS1r2pmp	5	E	0.7415	0.0840	0.6575	23.2064602942	100	2321
IS1r2pmp	6	E	0.5049	0.0756	0.4292	14.8630560241	100	1486
IS1r2pmp	7	E	0.4324	0.0667	0.3656	12.5371630933	100	1254
IS1r2pmp	8	E	0.0533	0.0427	0.0106	-0.4414971047	100	0
IS1r2pmp	9	E	0.0469	0.0413	0.0057	-0.6207030981	100	0
IS1r2pmp	10	E	0.7314	0.0879	0.6435	22.6937102375	100	2269
IS1r2pmp	11	E	2.6910	0.2135	2.4775	89.7360735576	100	8974
IS1r2pmp	12	E	0.0454	0.0412	0.0042	-0.6741143082	100	0
IS1r2pmp	1	F	0.5999	0.0761	0.5239	18.3215768715	100	1832
IS1r2pmp	2	F	2.2231	0.1725	2.0506	74.1300242258	100	7413
IS1r2pmp	3	F	0.5520	0.0741	0.4779	16.6411473196	100	1664
IS1r2pmp	4	F	0.0534	0.0421	0.0113	-0.4137424411	100	0
IS1r2pmp	5	F	0.7096	0.0825	0.6272	22.0980787771	100	2210
IS1r2pmp	6	F	1.0803	0.1062	0.9740	34.7771777235	100	3478
IS1r2pmp	7	F	2.8454	0.2206	2.6247	95.1170477992	100	9512
IS1r2pmp	8	F	0.0584	0.0425	0.0159	-0.246098283	100	0
IS1r2pmp	9	F	0.0471	0.0423	0.0048	-0.6510884552	100	0
IS1r2pmp	10	F	0.0508	0.0417	0.0091	-0.4948347399	100	0
IS1r2pmp	11	F	0.0526	0.0426	0.0100	-0.4613210556	100	0
IS1r2pmp	12	F	0.0469	0.0414	0.0055	-0.6258531508	100	0
IS1r2pmp	1	G	1.0541	0.1032	0.9509	33.9316175082	100	3393
IS1r2pmp	2	G	2.5655	0.1938	2.3716	85.8646171667	100	8586
IS1r2pmp	3	G	0.8516	0.0927	0.7589	26.913908425	100	2691
IS1r2pmp	4	G	3.0141	0.2264	2.7877	101.0741793613	100	10107
IS1r2pmp	5	G	1.3220	0.1184	1.2036	43.1682870226	100	4317
IS1r2pmp	6	G	1.2161	0.1120	1.1041	39.5331404885	100	3953
IS1r2pmp	7	G	2.7826	0.2063	2.5763	93.3456257438	100	9335
IS1r2pmp	8	G	3.0176	0.2252	2.7924	101.2454569717	100	10125
IS1r2pmp	9	G	0.4098	0.0687	0.3410	11.6390225565	100	1164
IS1r2pmp	10	G	0.0461	0.0413	0.0048	-0.6516658551	100	0
IS1r2pmp	11	G	0.3971	0.0660	0.3311	11.2740351835	100	1127
IS1r2pmp	12	G	2.2780	0.1797	2.0982	75.8706172345	100	7587
IS1r2pmp	1	H	0.0522	0.0490	0.0032	-0.709925719	100	0
IS1r2pmp	2	H	0.0528	0.0487	0.0041	-0.6773204574	100	0
IS1r2pmp	3	H	0.0532	0.0496	0.0036	-0.6963374802	100	0
IS1r2pmp	4	H	0.0527	0.0490	0.0037	-0.6938782456	100	0
IS1r2pmp	5	H	0.0528	0.0488	0.0040	-0.6818510317	100	0
IS1r2pmp	6	H	0.0515	0.0480	0.0036	-0.6972817746	100	0
IS1r2pmp	7	H	0.0526	0.0492	0.0033	-0.7059105413	100	0
IS1r2pmp	8	H	0.0521	0.0485	0.0036	-0.6943788052	100	0
IS1r2pmp	9	H	0.0524	0.0489	0.0035	-0.6978128899	100	0
IS1r2pmp	10	H	0.0516	0.0475	0.0041	-0.6773609093	100	0
IS1r2pmp	11	H	0.0562	0.0427	0.0135	-0.3328405644	100	0
IS1r2pmp	12	H	2.8776	0.2149	2.6626	96.5030767578	100	9650
IS1r2rez	1	A	0.0540	0.0452	0.0088	-0.5051240919	100	0
IS1r2rez	2	A	0.0554	0.0425	0.0129	-0.3558231239	100	0
IS1r2rez	3	A	0.0550	0.0412	0.0138	-0.323975323	100	0
IS1r2rez	4	A	1.1841	0.1221	1.0620	37.9936490606	100	3799
IS1r2rez	5	A	0.0489	0.0409	0.0080	-0.5355553417	100	0
IS1r2rez	6	A	2.2394	0.1740	2.0654	74.6722286745	100	7467
IS1r2rez	7	A	0.0645	0.0504	0.0142	-0.3096702625	100	0
IS1r2rez	8	A	1.0574	0.1051	0.9523	33.9844194749	100	3398
IS1r2rez	9	A	1.9320	0.1551	1.7769	64.1247748096	100	6412
IS1r2rez	10	A	1.4044	0.1231	1.2813	46.0077120865	100	4601
IS1r2rez	11	A	0.0522	0.0413	0.0108	-0.43108461	100	0
IS1r2rez	12	A	0.0606	0.0459	0.0147	-0.288640336	100	0
IS1r2rez	1	B	0.0572	0.0458	0.0115	-0.4071615981	100	0
IS1r2rez	2	B	0.0548	0.0429	0.0119	-0.3925504632	100	0
IS1r2rez	3	B	0.0595	0.0450	0.0145	-0.2966080322	100	0
IS1r2rez	4	B	0.0532	0.0423	0.0109	-0.4301177605	100	0
IS1r2rez	5	B	0.0571	0.0431	0.0140	-0.3164295862	100	0
IS1r2rez	6	B	0.0586	0.0431	0.0155	-0.2626357202	100	0
IS1r2rez	7	B	1.6704	0.1417	1.5287	55.0523858344	100	5505
IS1r2rez	8	B	1.2036	0.1133	1.0902	39.024127606	100	3902
IS1r2rez	9	B	0.0506	0.0422	0.0084	-0.520183731	100	0
IS1r2rez	10	B	1.2687	0.1213	1.1475	41.1166603697	100	4112
IS1r2rez	11	B	2.6107	0.2044	2.4063	87.1322801056	100	8713
IS1r2rez	12	B	2.6784	0.2011	2.4773	89.7265354898	100	8973
IS1r2rez	1	C	0.2383	0.0529	0.1854	5.9490249224	100	595
IS1r2rez	2	C	0.0527	0.0419	0.0109	-0.4302566247	100	0
IS1r2rez	3	C	0.0511	0.0417	0.0094	-0.4847505329	100	0
IS1r2rez	4	C	0.0556	0.0414	0.0142	-0.3079707211	100	0
IS1r2rez	5	C	1.1538	0.1057	1.0480	37.4823508162	100	3748
IS1r2rez	6	C	0.0553	0.0411	0.0142	-0.3097899124	100	0
IS1r2rez	7	C	1.6331	0.1388	1.4943	53.7948510082	100	5379
IS1r2rez	8	C	2.7702	0.2088	2.5613	92.7996977779	100	9280
IS1r2rez	9	C	0.0544	0.0414	0.0130	-0.3510432576	100	0
IS1r2rez	10	C	0.4198	0.0756	0.3442	11.754650038	100	1175
IS1r2rez	11	C	2.9216	0.2144	2.7072	98.1330461521	100	9813
IS1r2rez	12	C	2.5413	0.1973	2.3440	84.8562150468	100	8486
IS1r2rez	1	D	0.0504	0.0432	0.0072	-0.5660379084	100	0
IS1r2rez	2	D	0.0552	0.0432	0.0119	-0.3917625975	100	0
IS1r2rez	3	D	0.0606	0.0495	0.0111	-0.4208576103	100	0
IS1r2rez	4	D	0.0542	0.0429	0.0113	-0.4138702208	100	0
IS1r2rez	5	D	0.1252	0.0474	0.0778	2.0161867421	100	202
IS1r2rez	6	D	0.0498	0.0425	0.0074	-0.5583307823	100	0
IS1r2rez	7	D	0.0583	0.0449	0.0134	-0.3380343894	100	0
IS1r2rez	8	D	1.9423	0.1571	1.7851	64.4252658502	100	6443
IS1r2rez	9	D	0.0559	0.0447	0.0112	-0.4166108668	100	0
IS1r2rez	10	D	0.4276	0.0763	0.3513	12.0140669347	100	1201
IS1r2rez	11	D	0.0562	0.0440	0.0122	-0.3813496733	100	0
IS1r2rez	12	D	1.1581	0.1103	1.0477	37.4714078486	100	3747
IS1r2rez	1	E	0.0550	0.0452	0.0098	-0.4693245456	100	0
IS1r2rez	2	E	0.0541	0.0421	0.0120	-0.3883188287	100	0
IS1r2rez	3	E	1.5165	0.1325	1.3840	49.7619781476	100	4976
IS1r2rez	4	E	0.0709	0.0593	0.0116	-0.4030179636	100	0
IS1r2rez	5	E	0.0592	0.0474	0.0118	-0.3942601009	100	0
IS1r2rez	6	E	1.4832	0.1290	1.3542	48.6732681024	100	4867
IS1r2rez	7	E	0.8536	0.0904	0.7633	27.0725688846	100	2707
IS1r2rez	8	E	1.9543	0.1548	1.7994	64.9489602104	100	6495
IS1r2rez	9	E	0.0519	0.0426	0.0093	-0.4881889894	100	0
IS1r2rez	10	E	0.3986	0.0738	0.3248	11.0447652038	100	1104
IS1r2rez	11	E	0.0540	0.0420	0.0120	-0.3897770055	100	0
IS1r2rez	12	E	1.1074	0.1061	1.0013	35.773231195	100	3577
IS1r2rez	1	F	0.0555	0.0426	0.0129	-0.3561858039	100	0
IS1r2rez	2	F	0.0559	0.0427	0.0132	-0.3460544049	100	0
IS1r2rez	3	F	3.1057	0.2572	2.8485	103.2984213741	100	10330
IS1r2rez	4	F	0.0637	0.0548	0.0089	-0.5006085375	100	0
IS1r2rez	5	F	0.0645	0.0542	0.0103	-0.4525413494	100	0
IS1r2rez	6	F	0.0624	0.0425	0.0199	-0.1003253926	100	0
IS1r2rez	7	F	0.0591	0.0479	0.0112	-0.4171176548	100	0
IS1r2rez	8	F	0.0604	0.0429	0.0175	-0.187552516	100	0
IS1r2rez	9	F	0.0702	0.0591	0.0110	-0.4240191795	100	0
IS1r2rez	10	F	2.0483	0.1609	1.8873	68.1616317438	100	6816
IS1r2rez	11	F	0.0557	0.0427	0.0130	-0.3524470857	100	0
IS1r2rez	12	F	2.2758	0.1775	2.0982	75.8711981939	100	7587
IS1r2rez	1	G	0.0609	0.0537	0.0072	-0.5635270649	100	0
IS1r2rez	2	G	0.0560	0.0420	0.0140	-0.3170153826	100	0
IS1r2rez	3	G	2.6202	0.1949	2.4254	87.8290200443	100	8783
IS1r2rez	4	G	0.0726	0.0623	0.0102	-0.4529061407	100	0
IS1r2rez	5	G	2.5500	0.1916	2.3585	85.3846367525	100	8538
IS1r2rez	6	G	0.0479	0.0411	0.0068	-0.5790456645	100	0
IS1r2rez	7	G	2.0273	0.1610	1.8663	67.3921764408	100	6739
IS1r2rez	8	G	0.0610	0.0434	0.0177	-0.1815368225	100	0
IS1r2rez	9	G	0.2568	0.0546	0.2022	6.5643792969	100	656
IS1r2rez	10	G	0.0553	0.0429	0.0124	-0.3744699489	100	0
IS1r2rez	11	G	2.0081	0.1582	1.8498	66.7906011477	100	6679
IS1r2rez	12	G	0.0527	0.0439	0.0088	-0.5063467304	100	0
IS1r2rez	1	H	0.0554	0.0444	0.0109	-0.428183671	100	0
IS1r2rez	2	H	0.0557	0.0441	0.0116	-0.4047608958	100	0
IS1r2rez	3	H	0.0541	0.0426	0.0114	-0.4094362074	100	0
IS1r2rez	4	H	0.0533	0.0420	0.0113	-0.4125169074	100	0
IS1r2rez	5	H	0.0531	0.0431	0.0099	-0.4640426117	100	0
IS1r2rez	6	H	0.1039	0.0493	0.0546	1.1694742435	100	117
IS1r2rez	7	H	0.0522	0.0445	0.0077	-0.5464462139	100	0
IS1r2rez	8	H	0.1259	0.1066	0.0193	-0.1225541486	100	0
IS1r2rez	9	H	3.0258	0.2290	2.7969	101.4090728197	100	10141
IS1r2rez	10	H	3.1669	0.2406	2.9263	106.1394871945	100	10614
IS1r2rez	11	H	2.7644	0.2039	2.5605	92.7675352436	100	9277
IS1r2rez	12	H	3.1669	0.2404	2.9265	106.1478373714	100	10615

