Plate	Well (y)	Well (x)	Furfural rank	HMF rank	Vanillin rank	Acetic acid rank	Formic acid rank	Laevulinic acid rank	LCH rank	Furfural value	HMF value	Vanillin value	Acetic acid value	Formic acid value	Laevulinic acid value	LCH value
Xyl1	A	1	90	70	36	79	69	36	97	0.124752	0.64855	0.004072	0.923789	0.944371	0.986727	0.576217
Xyl1	A	2	50	46	39	62	83	30	62	0.629109	0.778361	0	0.968202	0.917659	0.996461	0.838034
Xyl1	A	3	55	40	40	61	78	19	103	0.565278	0.786404	0	0.971765	0.925824	1.015136	0.4445
Xyl1	A	4	-	-	-	-	-	-	55	-	-	-	-	-	-	0.873311
Xyl1	A	5	54	39	41	56	71	24	54	0.56775	0.794483	0	0.980043	0.938114	1.011188	0.882827
Xyl1	A	6	48	42	42	59	72	14	60	0.643159	0.785021	0	0.975245	0.93619	1.028797	0.845889
Xyl1	A	7	28	37	43	60	58	22	64	0.795025	0.801813	0	0.974009	0.966363	1.014165	0.834803
Xyl1	A	8	40	45	44	58	65	21	57	0.70938	0.781513	0	0.978431	0.956213	1.01424	0.859766
Xyl1	A	9	58	64	38	53	54	20	66	0.524483	0.672469	0.001483	0.985557	0.980804	1.014375	0.826997
Xyl1	A	10	27	16	21	22	36	37	42	0.796295	1.01442	0.29501	1.100194	1.040439	0.984339	0.95248
Xyl1	A	11	53	41	45	55	50	18	77	0.58756	0.785711	0	0.982451	1.001225	1.015446	0.780773
Xyl1	A	12	18	50	46	46	74	58	30	0.853323	0.768259	0	0.999485	0.933638	0.921949	1.003949
Xyl1	B	1	98	81	47	83	126	32	58	0.087762	0.554025	0	0.897347	0.000235	0.993814	0.853518
Xyl1	B	2	56	32	48	81	84	40	87	0.562414	0.85042	0	0.905478	0.904153	0.967051	0.720258
Xyl1	B	3	99	48	49	26	38	38	76	0.08138	0.775673	0	1.075353	1.038737	0.983488	0.786721
Xyl1	B	4	94	27	50	71	70	41	93	0.095454	0.875277	0	0.948817	0.938523	0.965618	0.627905
Xyl1	B	5	97	28	51	70	81	53	91	0.093901	0.865111	0	0.951329	0.922827	0.942262	0.637736
Xyl1	B	6	103	84	52	67	73	35	90	0.043883	0.480585	0	0.959619	0.935859	0.989132	0.655579
Xyl1	B	7	13	35	53	93	44	46	48	0.972733	0.81206	0	0.846364	1.009328	0.953697	0.910559
Xyl1	B	8	32	57	54	16	89	49	32	0.745171	0.7155	0	1.207078	0.855093	0.949376	0.995349
Xyl1	B	9	49	38	55	51	59	29	86	0.637664	0.798877	0	0.989293	0.965361	1.004894	0.726069
Xyl1	B	10	5	8	56	14	45	47	71	1.273867	1.158169	0	1.234184	1.008083	0.951098	0.8119
Xyl1	B	11	11	11	57	36	93	90	59	1.007871	1.085305	0	1.040011	0.842494	0.770762	0.850705
Xyl1	B	12	93	59	58	45	37	93	47	0.099867	0.69906	0	1.009085	1.039468	0.749804	0.916101
Xyl1	C	1	111	62	11	39	125	72	9	0.015259	0.677697	0.635081	1.018375	0.001811	0.893595	1.175942
Xyl1	C	2	10	13	59	76	94	59	53	1.030169	1.055207	0	0.936505	0.839268	0.921257	0.887751
Xyl1	C	3	29	94	29	74	61	89	27	0.780328	0.415944	0.025088	0.945288	0.962654	0.777568	1.011755
Xyl1	C	4	25	31	7	1	16	43	95	0.798365	0.855253	0.659507	1.518343	1.304525	0.960295	0.612732
Xyl1	C	5	2	34	12	2	18	34	92	1.379487	0.817665	0.619259	1.447865	1.287005	0.99104	0.636693
Xyl1	C	6	36	63	60	73	88	69	17	0.725826	0.675223	0	0.94858	0.86609	0.902513	1.09399
Xyl1	C	7	52	77	16	90	97	95	69	0.60306	0.591605	0.580617	0.853365	0.823193	0.738079	0.824699
Xyl1	C	8	43	75	61	86	99	64	36	0.692241	0.60568	0	0.868685	0.819279	0.908801	0.969983
Xyl1	C	9	45	60	62	80	85	33	21	0.680902	0.698082	0	0.909651	0.890488	0.991866	1.069826
Xyl1	C	10	20	121	30	38	39	75	18	0.847173	0.042093	0.024314	1.020452	1.026929	0.868707	1.081983
Xyl1	C	11	33	69	63	49	98	48	20	0.743772	0.655536	0	0.995386	0.821404	0.950133	1.072844
Xyl1	C	12	24	65	64	28	68	26	8	0.81413	0.670042	0	1.056163	0.949794	1.00894	1.183704
Xyl1	D	1	39	72	65	40	101	25	12	0.715788	0.64416	0	1.015467	0.814258	1.010559	1.144073
Xyl1	D	2	16	18	66	94	103	77	41	0.933653	0.987884	0	0.844579	0.810876	0.852955	0.952601
Xyl1	D	3	73	115	67	82	112	92	99	0.343525	0.066471	0	0.898309	0.688707	0.759127	0.535042
Xyl1	D	4	26	47	68	34	80	61	33	0.796741	0.775892	0	1.044839	0.923533	0.914766	0.985629
Xyl1	D	5	51	96	69	96	118	99	70	0.628935	0.347696	0	0.836791	0.617571	0.714603	0.815857
Xyl1	D	6	60	111	70	47	92	57	83	0.50844	0.157892	0	0.998187	0.843242	0.933481	0.750902
Xyl1	D	7	62	108	71	110	120	117	109	0.45372	0.241921	0	0.485719	0.493773	0.508906	0.324445
Xyl1	D	8	66	103	72	42	53	17	61	0.417615	0.278853	0	1.011186	0.998307	1.019346	0.84427
Xyl1	D	9	59	101	73	30	40	9	72	0.511515	0.298282	0	1.051557	1.023752	1.071606	0.810513
Xyl1	D	10	67	106	74	41	46	13	67	0.408943	0.260107	0	1.012436	1.002505	1.037292	0.826063
Xyl1	D	11	47	78	75	44	42	31	74	0.662227	0.590477	0	1.009491	1.012567	0.995634	0.799823
Xyl1	D	12	1	100	76	5	111	3	50	1.471574	0.321964	0	1.374505	0.70827	1.154356	0.908126
Xyl1	E	1	78	113	77	7	24	52	39	0.212853	0.123232	0	1.334575	1.184262	0.945665	0.965743
Xyl1	E	2	65	112	78	24	62	15	106	0.42929	0.124708	0	1.088267	0.962018	1.025288	0.394677
Xyl1	E	3	42	54	6	32	57	63	29	0.696941	0.723575	0.665252	1.047034	0.967404	0.909435	1.006073
Xyl1	E	4	57	97	79	91	51	42	89	0.554578	0.346927	0	0.852325	0.999989	0.963321	0.711652
Xyl1	E	5	84	80	80	97	106	91	94	0.156455	0.569834	0	0.83456	0.771261	0.769055	0.613924
Xyl1	E	6	79	109	81	87	105	80	81	0.210206	0.215893	0	0.868559	0.783437	0.832939	0.763581
Xyl1	E	7	34	61	2	35	48	45	37	0.730581	0.679962	0.746302	1.044789	1.001622	0.957427	0.969311
Xyl1	E	8	46	66	32	43	79	51	79	0.668516	0.667924	0.006772	1.011119	0.925019	0.946643	0.77237
Xyl1	E	9	83	118	82	85	124	82	105	0.187208	0.049648	0	0.880843	0.134462	0.826923	0.426417
Xyl1	E	10	112	110	83	77	110	79	-	0.013958	0.202486	0	0.935729	0.720494	0.844354	-
Xyl1	E	11	-	-	-	-	-	-	98	-	-	-	-	-	-	0.561292
Xyl1	F	1	91	3	84	19	107	86	129	0.114334	1.678663	0	1.147293	0.757797	0.789491	0.001509
Xyl1	F	2	95	1	85	99	8	70	43	0.095206	2.281735	0	0.820381	1.416095	0.895882	0.938665
Xyl1	F	3	101	4	86	113	117	103	96	0.055652	1.358084	0	0.356135	0.623387	0.693957	0.61165
Xyl1	F	4	4	5	87	101	5	105	115	1.356474	1.336924	0	0.769662	1.445423	0.669672	0.039271
Xyl1	F	5	69	82	88	105	19	112	102	0.382947	0.507416	0	0.664414	1.286832	0.581429	0.519
Xyl1	F	6	109	102	89	18	108	85	1	0.018592	0.297674	0	1.154935	0.746696	0.792159	1.620315
Xyl1	F	7	116	104	90	125	63	100	7	0.009363	0.266922	0	0.056879	0.961991	0.706126	1.245948
Xyl1	F	8	12	15	91	106	26	114	130	0.989241	1.019452	0	0.63362	1.173237	0.558464	0
Xyl1	F	9	17	7	37	78	121	39	131	0.905567	1.169806	0.003492	0.925456	0.446754	0.967555	0
Xyl1	F	10	85	26	14	116	4	111	-	0.155165	0.876917	0.608071	0.325672	1.532311	0.606112	-
Xyl1	F	11	-	-	-	-	-	-	123	-	-	-	-	-	-	0.014734
Xyl1	F	12	117	90	92	121	10	121	111	0.009336	0.435722	0	0.23046	1.374284	0.40668	0.069184
Xyl1	G	1	119	91	93	120	15	125	124	0.008624	0.425727	0	0.23166	1.317799	0.377817	0.013926
Xyl1	G	2	115	88	94	118	13	122	120	0.010968	0.443959	0	0.24255	1.332836	0.394868	0.020283
Xyl1	G	3	118	92	95	119	14	124	113	0.009019	0.424133	0	0.233647	1.326127	0.38425	0.052451
Xyl1	G	4	-	-	-	-	-	-	119	-	-	-	-	-	-	0.021839
Xyl1	G	5	6	14	24	4	6	6	45	1.231188	1.049916	0.190183	1.383397	1.434313	1.085098	0.929238
Xyl1	G	6	-	-	-	-	-	-	88	-	-	-	-	-	-	0.71466
Xyl1	G	7	70	52	15	124	49	123	56	0.382096	0.752837	0.586309	0.187892	1.001333	0.384868	0.860193
Xyl1	G	8	-	-	-	-	-	-	108	-	-	-	-	-	-	0.370158
Xyl1	G	9	121	71	17	114	3	113	68	0.004437	0.64811	0.536175	0.35431	1.604579	0.560449	0.825767
Xyl1	G	10	-	-	-	-	-	-	104	-	-	-	-	-	-	0.435
Xyl1	G	11	21	20	27	23	25	71	16	0.846705	0.972873	0.066352	1.096852	1.181515	0.894642	1.116476
Xyl1	G	12	125	126	31	126	127	116	121	0	0.002269	0.00745	0.000156	0	0.537458	0.01944
Xyl1	H	1	126	127	96	112	28	115	100	0	0	0	0.414842	1.157797	0.541489	0.522847
Xyl1	H	2	124	119	97	108	114	97	126	0.001845	0.042538	0	0.585356	0.67864	0.728034	0.005786
Xyl1	H	3	114	44	4	115	23	108	122	0.011008	0.78363	0.729342	0.345528	1.238437	0.65494	0.015518
Xyl1	H	4	80	114	98	54	60	16	84	0.21006	0.087166	0	0.983969	0.963762	1.019927	0.733507
Xyl1	H	5	75	85	99	65	116	118	19	0.244533	0.479417	0	0.965759	0.641982	0.487767	1.079327
Xyl1	H	6	104	87	100	104	119	126	75	0.03319	0.445054	0	0.681686	0.516414	0.375225	0.786906
Xyl1	H	7	87	116	101	37	64	12	73	0.142321	0.06549	0	1.035824	0.958593	1.042554	0.801361
Xyl1	H	8	38	58	5	25	34	68	15	0.715995	0.71353	0.683981	1.087763	1.058283	0.903206	1.122781
Xyl1	H	9	88	107	102	84	115	11	132	0.136247	0.250491	0	0.888757	0.675614	1.049676	0
Xyl1	H	10	92	98	26	64	104	7	5	0.107673	0.336244	0.118959	0.965994	0.798473	1.082334	1.292781
Xyl1	H	11	82	99	103	69	109	8	118	0.203013	0.324937	0	0.951835	0.742883	1.080254	0.024102
Xyl1	H	12	76	67	104	6	55	84	107	0.225912	0.664921	0	1.349938	0.977239	0.800445	0.384385
Xyl2	A	1	19	33	8	52	17	10	65	0.851145	0.846139	0.65317	0.988323	1.291895	1.064015	0.830125
Xyl2	A	2	81	2	105	10	20	107	101	0.207211	1.760085	0	1.263668	1.262519	0.655654	0.522665
Xyl2	A	3	102	43	106	98	95	98	31	0.048288	0.784361	0	0.825641	0.833736	0.718509	1.00391
Xyl2	A	4	77	83	107	3	32	1	133	0.224639	0.486354	0	1.396569	1.118688	1.595341	0
Xyl2	A	5	110	22	108	15	30	56	24	0.017849	0.931999	0	1.230921	1.127369	0.937825	1.046199
Xyl2	A	6	8	6	1	13	31	23	4	1.162508	1.20028	0.910084	1.242573	1.12418	1.011944	1.361762
Xyl2	A	7	100	23	109	20	100	4	10	0.06544	0.897456	0	1.145584	0.81841	1.102068	1.175821
Xyl2	A	8	106	17	110	27	76	104	127	0.025515	1.006844	0	1.07131	0.931656	0.679848	0.005723
Xyl2	A	9	44	19	3	9	33	28	3	0.691795	0.977653	0.730981	1.274319	1.093041	1.005803	1.593896
Xyl2	A	10	113	51	111	100	91	96	34	0.011758	0.765541	0	0.776591	0.852993	0.735921	0.979504
Xyl2	A	11	74	89	112	109	122	110	112	0.292029	0.436785	0	0.511453	0.391908	0.608159	0.063092
Xyl2	A	12	96	56	113	17	113	73	116	0.095145	0.720635	0	1.15772	0.688569	0.885134	0.035851
Xyl2	B	1	107	86	114	21	35	55	26	0.021206	0.478249	0	1.134029	1.047195	0.939645	1.013544
Xyl2	B	2	89	76	115	57	90	83	13	0.126054	0.603828	0	0.979749	0.853215	0.801302	1.141312
Xyl2	B	3	122	124	116	111	66	102	14	0.003242	0.01574	0	0.448952	0.95602	0.697969	1.139286
Xyl2	B	4	105	123	117	107	7	101	125	0.029026	0.027442	0	0.592814	1.416694	0.699666	0.009896
Xyl2	B	5	123	125	118	122	123	67	128	0.002399	0.002434	0	0.224946	0.366631	0.903511	0.001939
Xyl2	B	6	86	105	119	72	75	81	110	0.147174	0.261825	0	0.948782	0.931999	0.83121	0.080946
Xyl2	B	7	22	25	19	89	52	27	28	0.833343	0.895505	0.437869	0.858291	0.998421	1.005944	1.008918
Xyl2	B	8	14	10	120	11	22	2	11	0.968425	1.121213	0	1.256241	1.245451	1.363847	1.162412
Xyl2	B	9	120	120	121	88	43	78	78	0.005754	0.042157	0	0.862616	1.012202	0.850862	0.778787
Xyl2	B	10	71	79	122	31	21	44	35	0.371872	0.581268	0	1.051321	1.25425	0.958086	0.976037
Xyl2	B	11	72	49	34	92	82	76	117	0.365461	0.775362	0.005224	0.851258	0.921056	0.866033	0.029987
Xyl2	B	12	68	73	22	63	86	106	52	0.390677	0.61948	0.287914	0.967075	0.889538	0.661978	0.888538
Xyl2	C	1	-	-	-	-	-	-	2	-	-	-	-	-	-	1.612109
Xyl2	C	2	31	68	35	50	96	62	23	0.754807	0.658815	0.004851	0.99399	0.829495	0.914492	1.05402
Xyl2	C	3	37	74	33	66	56	65	38	0.724988	0.608371	0.005941	0.964083	0.967673	0.905756	0.966621
Xyl2	C	4	7	9	25	8	29	5	25	1.176022	1.15114	0.151827	1.333434	1.142807	1.096382	1.030056
Xyl2	C	5	3	12	28	12	11	74	40	1.373015	1.074701	0.045014	1.242967	1.366813	0.883785	0.958086
Xyl2	C	6	127	117	123	127	9	119	85	0	0.052354	0	0	1.379584	0.476295	0.729952
Xyl2	C	7	64	30	23	123	27	127	49	0.43203	0.858331	0.262834	0.203584	1.173126	0.353355	0.909834
Xyl2	C	8	30	29	124	48	102	88	80	0.77328	0.863166	0	0.995556	0.813787	0.777663	0.768209
Xyl2	C	9	41	55	9	33	47	50	6	0.701967	0.722958	0.645827	1.046697	1.002248	0.946777	1.290864
Xyl2	C	10	61	122	18	75	77	60	63	0.474523	0.028149	0.471999	0.939683	0.926892	0.918831	0.837645
Xyl2	C	11	35	53	13	29	41	66	22	0.729346	0.72905	0.616243	1.056145	1.021424	0.905545	1.068907
Xyl2	C	12	9	21	125	102	1	87	46	1.061312	0.958162	0	0.744408	2.503346	0.785574	0.916419
Xyl2	D	1	63	95	20	117	87	120	44	0.434353	0.41115	0.35591	0.301609	0.885624	0.413349	0.936551
Xyl2	D	2	15	24	126	103	2	94	51	0.953662	0.896631	0	0.714573	2.292325	0.738681	0.895371
Xyl2	D	3	23	36	10	68	12	54	82	0.815714	0.806774	0.639959	0.952002	1.346808	0.941883	0.762123
Xyl2	D	4	108	93	127	95	67	109	114	0.019269	0.418477	0	0.83894	0.950956	0.63379	0.047291
